LAC,CI,LAT,LNG,NET_TYPE
6167,323,31.260728,121.460917,ps
6167,323,31.189448513455,121.394038085937,ps
6167,323,31.189448513455,121.394038085937,ps
6167,323,31.18944851345486,121.3940380859375,ps
6167,323,31.18944851345486,121.3940380859375,ps
6167,323,31.189448513455,121.394038085937,ps
6167,323,31.189448513455,121.394038085937,ps
6167,323,31.189448513455,121.394038085937,ps
6167,323,31.19129943849102,121.3893890380816,ps
6167,323,31.189448513455,121.394038085937,ps
6167,323,31.189449,121.394038,ps
6167,323,31.189448513455,121.394038085937,ps
6167,323,31.18944851345486,121.3940380859375,ps
6167,323,31.188904351128,121.394798448351,ps
6167,323,31.188904351128,121.394798448351,ps
6167,323,31.188683810764,121.393795030382,ps
6167,323,31.19163,121.397288,ps
6167,323,31.19163,121.397288,ps
6167,323,39.995008,116.279297,ps
6167,323,39.995008,116.279297,ps
6167,323,31.18839826456696,121.39803014838559,ps
6167,323,31.18839826456696,121.39803014838559,ps
