LAC,CI,LAT,LNG,NET_TYPE
43037,44529,31.241833,121.059644,ps
43037,44529,31.241833,121.059644,ps
43037,44529,31.241833,121.059644,ps
43037,44529,31.241833,121.059644,ps
43037,44529,31.241722,121.059552,ps
43037,44529,31.241833,121.059644,ps
43037,44529,31.241833,121.059644,ps
43037,44529,31.241833,121.059644,ps
43037,44529,31.2985,121.1057,ps
43037,44529,31.2985,121.1057,ps
43037,44529,31.2985,121.1057,ps
43037,44529,31.2985,121.1057,ps
43037,44529,31.2985,121.1057,ps
43037,44529,31.29584662543403,121.0879212782118,ps
43037,44529,31.2985,121.1057,ps
43037,44529,31.2985,121.1057,ps
43037,44529,31.29895,121.10415,ps
43037,44529,31.298934896234634,121.10407261956307,ps
43037,44529,31.29896521922027,121.10405033978924,ps
43037,44529,31.29900452007107,121.10037305920683,ps
43037,44529,31.289872871737835,121.15014447887683,ps
43037,44529,31.289872871737835,121.15014447887683,ps
43037,44529,31.289872871737835,121.15014447887683,ps
43037,44529,31.33383376526771,121.2220538781222,ps
43037,44529,31.33389411690409,121.2218014656872,ps
43037,44529,31.33383376526771,121.2220538781222,ps
43037,44529,31.33383376526771,121.2220538781222,ps
43037,44529,31.33383376526771,121.2220538781222,ps
43037,44529,31.33383376526771,121.2220538781222,ps
43037,44529,31.2985,121.1057,ps
43037,44529,31.301543101699036,121.06120989234545,ps
43037,44529,31.2985,121.1057,ps
43037,44529,31.28945129798631,121.15016840345787,ps
43037,44529,31.28944374971002,121.15011595328798,ps
43037,44529,31.2985,121.1057,ps
43037,44529,31.301077315568133,121.06367424400486,ps
43037,44529,31.298638025084124,121.10757408831458,ps
43037,44529,31.298638025084124,121.10757408831458,ps
43037,44529,31.298638025084124,121.10757408831458,ps
43037,44529,31.298638025084124,121.10757408831458,ps
43037,44529,31.298638025084124,121.10757408831458,ps
43037,44529,31.298638025084124,121.10757408831458,ps
43037,44529,31.298638025084124,121.10757408831458,ps
43037,44529,31.298638025084124,121.10757408831458,ps
43037,44529,31.298638025084124,121.10757408831458,ps
43037,44529,31.298638025084124,121.10757408831458,ps
43037,44529,31.29895,121.10415,ps
43037,44529,31.29876901329232,121.10433713934505,ps
43037,44529,31.299050852286292,121.10492888775629,ps
43037,44529,31.13728488498264,120.4848646375868,ps
43037,44529,31.298933874999673,121.10436224081776,ps
43037,44529,31.298879978686113,121.1040633621394,ps
43037,44529,31.298831281107013,121.10420428869764,ps
43037,44529,31.293414,121.174709,ps
43037,44529,31.298687,121.104861,ps
43037,44529,31.29865,121.10481,ps
43037,44529,31.298687,121.104861,ps
43037,44529,31.298687,121.104861,ps
43037,44529,31.298687,121.104861,ps
43037,44529,31.298687,121.104861,ps
43037,44529,31.294209,121.159411,ps
43037,44529,31.294308,121.157337,ps
43037,44529,31.298924424913,121.104237467448,ps
43037,44529,31.247700737847,121.023034396701,ps
43037,44529,31.298929036458,121.104385850694,ps
43037,44529,31.285913,121.05196,ps
43037,44529,31.275058,120.518765,ps
43037,44529,31.138240,120.484420,ps
43037,44529,30.886684023448410,121.593999603647177,ps
43037,44529,31.32292534722222,120.7197352430556,ps
43037,44529,31.285913,121.05196,ps
43037,44529,31.32292534722222,120.7197352430556,ps
43037,44529,31.32292534722222,120.7197352430556,ps
43037,44529,31.326449461399765,120.698994126116290,ps
43037,44529,31.32292534722222,120.7197352430556,ps
43037,44529,31.32292534722222,120.7197352430556,ps
43037,44529,30.886684023448410,121.593999603647177,ps
43037,44529,31.32292534722222,120.7197352430556,ps
43037,44529,31.29198784722222,121.1418381076389,ps
43037,44529,31.28919677734375,121.142955186632,ps
43037,44529,31.289196777344,121.142955186632,ps
43037,44529,31.32292534722222,120.7197352430556,ps
43037,44529,31.298933,121.104788,ps
43037,44529,31.285297,121.129849,ps
43037,44529,31.30689,121.0234,ps
43037,44529,31.30682,121.0234,ps
43037,44529,31.30682,121.0234,ps
43037,44529,31.31556586371528,120.6704215494792,ps
43037,44529,31.31556586371528,120.6704215494792,ps
43037,44529,31.296063,121.117087,ps
43037,44529,31.28883083767361,121.1502951388889,ps
43037,44529,31.298853,121.104493,ps
43037,44529,31.298853,121.104493,ps
43037,44529,31.288860,121.149877,ps
43037,44529,31.297884,121.111123,ps
43037,44529,31.297884,121.111123,ps
43037,44529,31.297884,121.111123,ps
43037,44529,31.24174,121.056538,ps
43037,44529,31.298853,121.104493,ps
43037,44529,31.298853,121.104493,ps
43037,44529,31.298853,121.104493,ps
43037,44529,31.29895,121.104156,ps
43037,44529,31.297884,121.111123,ps
43037,44529,31.288850097656,121.150602213542,ps
43037,44529,31.277072,121.077958,ps
43037,44529,31.298853,121.104493,ps
43037,44529,31.298853,121.104493,ps
43037,44529,31.298853,121.104493,ps
43037,44529,31.298853,121.104493,ps
43037,44529,31.29895,121.104156,ps
43037,44529,31.298853,121.104493,ps
43037,44529,31.298853,121.104493,ps
43037,44529,31.298853,121.104493,ps
43037,44529,31.298853,121.104493,ps
43037,44529,31.298853,121.104493,ps
43037,44529,31.298853,121.104493,ps
43037,44529,31.29895,121.104156,ps
43037,44529,31.298853,121.104493,ps
43037,44529,31.31556586371528,120.6704215494792,ps
43037,44529,31.277072,121.077958,ps
43037,44529,31.28307996961805,120.5493340386285,ps
43037,44529,39.995008,116.279297,ps
43037,44529,31.29922173394097,121.1040643988715,ps
43037,44529,31.299222,121.104064,ps
43037,44529,31.299221733941,121.104064398872,ps
43037,44529,31.27189968532986,120.5178143988715,ps
43037,44529,31.27140543619792,120.5177845594618,ps
43037,44529,31.296475,121.115755,ps
43037,44529,31.296475151910,121.115754665799,ps
43037,44529,31.297150878906,121.111801486545,ps
43037,44529,31.2971107313368,121.1133403862847,ps
43037,44529,31.298742,121.104338,ps
43037,44529,31.39160074869792,121.0327707248264,ps
43037,44529,31.27697196357437,121.07795154602518,ps
43037,44529,31.27760638504809,121.07778344234917,ps
43037,44529,31.299213595920,121.103833821615,ps
43037,44529,31.308448350694,121.075268012153,ps
43037,44529,31.308693,121.075447,ps
43037,44529,31.308693305122,121.075446506076,ps
43037,44529,31.308693305122,121.075446506076,ps
43037,44529,31.294493,121.157849,ps
43037,44529,31.29172173394097,121.1367816840278,ps
43037,44529,31.29214735243055,121.1398486328125,ps
43037,44529,31.292200249566,121.140415581597,ps
43037,44529,31.30563693576389,121.0736854383681,ps
43037,44529,31.308448350694,121.075268012153,ps
43037,44529,31.294493,121.157849,ps
43037,44529,31.294493,121.157849,ps
43037,44529,31.294493,121.157849,ps
43037,44529,31.28892361111111,121.1512291124132,ps
43037,44529,31.288923611111,121.151229112413,ps
43037,44529,31.288886447483,121.151197645399,ps
43037,44529,31.28888644748264,121.1511976453993,ps
43037,44529,31.298960000000,121.103970000000,ps
43037,44529,31.303643663194,121.075262586806,ps
43037,44529,31.292553439670,121.130541449653,ps
43037,44529,31.294493,121.157849,ps
43037,44529,31.292147246794357,121.139848668958578,ps
43037,44529,31.294493,121.157849,ps
43037,44529,31.294493,121.157849,ps
43037,44529,31.294493,121.157849,ps
43037,44529,31.294493,121.157849,ps
43037,44529,31.293043,121.099979,ps
43037,44529,31.293043,121.099979,ps
43037,44529,31.293043,121.099979,ps
43037,44529,31.292108289931,121.139641927083,ps
43037,44529,31.292108,121.139642,ps
43037,44529,31.291924099392,121.138182779948,ps
43037,44529,31.294493,121.157849,ps
43037,44529,31.294493,121.157849,ps
43037,44529,31.291815863715,121.134825846354,ps
43037,44529,31.291815863715,121.134825846354,ps
43037,44529,31.292132703993,121.132632649740,ps
43037,44529,31.292132703993,121.132632649740,ps
43037,44529,31.299067925347,121.101582031250,ps
43037,44529,31.305636935764,121.073685438368,ps
43037,44529,31.305636935764,121.073685438368,ps
43037,44529,31.291721733941,121.136781684028,ps
43037,44529,31.294493,121.157849,ps
43037,44529,31.29192409939236,121.1381827799479,ps
43037,44529,31.294493,121.157849,ps
43037,44529,31.30869330512153,121.0754465060764,ps
43037,44529,31.291721733941,121.136781684028,ps
43037,44529,31.291721733941,121.136781684028,ps
43037,44529,31.294493,121.157849,ps
43037,44529,31.294493,121.157849,ps
43037,44529,31.294493,121.157849,ps
43037,44529,31.294493,121.157849,ps
43037,44529,31.294493,121.157849,ps
43037,44529,31.288682454427,121.151223415799,ps
43037,44529,31.298989654849812,121.09800179614938,ps
43037,44529,31.298989654849812,121.09800179614938,ps
43037,44529,31.298989654849812,121.09800179614938,ps
43037,44529,31.298989654849812,121.09800179614938,ps
43037,44529,31.298989654849812,121.09800179614938,ps
43037,44529,31.298989654849812,121.09800179614938,ps
43037,44529,31.298989654849812,121.09800179614938,ps
43037,44529,31.298989654849812,121.09800179614938,ps
43037,44529,31.298989654849812,121.09800179614938,ps
43037,44529,31.289772406684,121.148294813368,ps
43037,44529,31.299064150022247,121.09819445305553,ps
43037,44529,31.299045341597854,121.09818900289639,ps
43037,44529,31.299140996513646,121.09812539570945,ps
43037,44529,31.299045341597854,121.09818900289639,ps
43037,44529,31.298989692400085,121.09834411269725,ps
43037,44529,31.298980000000004,121.09821000000001,ps
43037,44529,31.299045341597854,121.09818900289639,ps
43037,44529,31.29898980034722,121.1041349283854,ps
43037,44529,31.29902425130208,121.1041419813368,ps
43037,44529,31.298989800347,121.104134928385,ps
43037,44529,31.322635633681,121.285490180122,ps
43037,44529,31.32263563368056,121.2854901801215,ps
43037,44529,31.298908,121.095038,ps
43037,44529,31.288534884983,121.154488661024,ps
43037,44529,31.282615017361,121.139863009983,ps
43037,44529,31.28257188585069,121.1398022460938,ps
43037,44529,31.331933,121.226047,ps
43037,44529,31.3318,121.2257,ps
43037,44529,39.995008,116.279297,ps
43037,44529,31.293043,121.099979,ps
43037,44529,31.298743,121.104339,ps
43037,44529,31.293043,121.099979,ps
43037,44529,31.29379014756945,121.0707050238715,ps
43037,44529,31.29646430121528,121.1172271050347,ps
43037,44529,31.28858100043403,121.1424644639757,ps
43037,44529,31.28858100043403,121.1424644639757,ps
43037,44529,31.28858100043403,121.1424644639757,ps
43037,44529,31.28858100043403,121.1424644639757,ps
43037,44529,31.28858100043403,121.1424644639757,ps
43037,44529,31.306647,121.092342,ps
43037,44529,31.288430,121.145900,ps
43037,44529,31.268600,121.515780,ps
43037,44529,31.306647,121.092342,ps
43037,44529,31.319908430514264,121.02782153892464,ps
43037,44529,31.319902748102546,121.02908012394965,ps
43037,44529,31.319902748102546,121.02908012394965,ps
43037,44529,31.319902748102546,121.02908012394965,ps
43037,44529,31.319902748102546,121.02908012394965,ps
43037,44529,31.319902748102546,121.02908012394965,ps
43037,44529,31.319902748102546,121.02908012394965,ps
43037,44529,31.319902748102546,121.02908012394965,ps
43037,44529,31.31981855505842,121.02778346923685,ps
43037,44529,31.319965081019348,121.0290923944261,ps
43037,44529,31.319902748102546,121.02908012394965,ps
43037,44529,31.319850135315136,121.02782248367039,ps
43037,44529,31.039886,121.445806,ps
43037,44529,31.039886,121.445806,ps
43037,44529,31.29661919487847,121.099634874132,ps
43037,44529,31.039886,121.445806,ps
43037,44529,31.039886,121.445806,ps
43037,44529,31.32681749131945,120.7569558376736,ps
43037,44529,31.298989529080,121.104007703993,ps
43037,44529,31.298989529080,121.104007703993,ps
43037,44529,31.298989529080,121.104007703993,ps
43037,44529,31.298989529080,121.104007703993,ps
43037,44529,31.298989529080,121.104007703993,ps
43037,44529,31.298737500691630,121.104373633861542,ps
43037,44529,31.29881998697917,121.1042833116319,ps
43037,44529,31.29908230251736,121.1037575954861,ps
43037,44529,31.253957519531,121.022980685764,ps
43037,44529,31.25403889973958,121.0229489474826,ps
43037,44529,31.298989529080,121.104007703993,ps
43037,44529,31.30079278152411,121.0993796470516,ps
43037,44529,31.30945511106055,121.07479797848401,ps
43037,44529,31.299109700521,121.104090983073,ps
43037,44529,31.29896,121.1042,ps
43037,44529,31.29910970052083,121.1040909830729,ps
43037,44529,31.298960000000,121.104200000000,ps
43037,44529,31.299109700521,121.104090983073,ps
43037,44529,31.29898952907986,121.1040077039931,ps
43037,44529,31.29898952907986,121.1040077039931,ps
43037,44529,31.29908230251736,121.1037575954861,ps
43037,44529,31.32673421223958,120.7567209201389,ps
43037,44529,31.29882948133681,121.104251030816,ps
43037,44529,31.298960000000,121.104200000000,ps
43037,44529,31.298932020399,121.103882107205,ps
43037,44529,31.298954264323,121.104442274306,ps
43037,44529,31.298948567708,121.104034830729,ps
43037,44529,31.298979,121.104091,ps
43037,44529,31.29898464626736,121.1041202799479,ps
43037,44529,31.299019639757,121.103957248264,ps
43037,44529,31.24764756944445,121.0230284288194,ps
43037,44529,31.29910970052083,121.1040909830729,ps
43037,44529,31.299136827257,121.104127875434,ps
43037,44529,31.298984917535,121.104219021267,ps
43037,44529,31.299137,121.104128,ps
43037,44529,31.29896,121.1042,ps
43037,44529,31.29899332682292,121.1038669162326,ps
43037,44529,31.299100748698,121.104137912326,ps
43037,44529,31.292365,121.147786,ps
43037,44529,31.292365,121.147786,ps
43037,44529,31.292365,121.147786,ps
43037,44529,31.292365,121.147786,ps
43037,44529,31.292365,121.147786,ps
43037,44529,31.285497,121.124024,ps
43037,44529,31.28886338975694,121.1503412543403,ps
43037,44529,31.28888129340278,121.1502663845486,ps
43037,44529,31.298855788347105,121.10377343833623,ps
43037,44529,31.29951117621528,121.1043798828125,ps
43037,44529,31.29657280815972,121.1172349717882,ps
43037,44529,31.298567083078375,121.10734762947081,ps
43037,44529,31.298665779366942,121.1027786748183,ps
43037,44529,31.29664605034722,121.1163514539931,ps
43037,44529,31.29894,121.10442,ps
43037,44529,31.298665779366942,121.1027786748183,ps
43037,44529,39.995008,116.279297,ps
43037,44529,31.279826,121.452246,ps
43037,44529,31.288396670875226,121.15491785988526,ps
43037,44529,31.37219129774305,121.0911043294271,ps
43037,44529,31.29873145418794,121.10267126161281,ps
43037,44529,31.29497450086805,121.1227267795139,ps
43037,44529,31.288758701199782,121.15068730848742,ps
43037,44529,31.37219129774305,121.0911043294271,ps
43037,44529,31.29873145418794,121.10267126161281,ps
43037,44529,31.28936395002112,121.15019305735527,ps
43037,44529,39.995008,116.279297,ps
43037,44529,31.29873145418794,121.10267126161281,ps
43037,44529,31.29894,121.10442,ps
43037,44529,31.29497450086805,121.1227267795139,ps
43037,44529,31.29497450086805,121.1227267795139,ps
43037,44529,31.29664794921875,121.1158957248264,ps
43037,44529,31.288758701199782,121.15068730848742,ps
43037,44529,31.296318695433232,121.11724996091961,ps
43037,44529,39.995008,116.279297,ps
43037,44529,31.37215060763889,121.0910557725694,ps
43037,44529,31.37214898003472,121.0910552300347,ps
43037,44529,31.37177598741319,121.0910845269097,ps
43037,44529,31.37177598741319,121.0910845269097,ps
43037,44529,31.296318695433232,121.11724996091961,ps
43037,44529,31.296318695433232,121.11724996091961,ps
43037,44529,31.296318695433232,121.11724996091961,ps
43037,44529,31.296318695433232,121.11724996091961,ps
43037,44529,31.296318695433232,121.11724996091961,ps
43037,44529,31.296318695433232,121.11724996091961,ps
43037,44529,31.296318695433232,121.11724996091961,ps
43037,44529,31.296318695433232,121.11724996091961,ps
43037,44529,31.296318695433232,121.11724996091961,ps
43037,44529,31.296318695433232,121.11724996091961,ps
43037,44529,31.29664794921875,121.1158957248264,ps
43037,44529,31.292997515154763,121.0973003529132,ps
43037,44529,31.29627696144577,121.11721965802444,ps
43037,44529,31.29627696144577,121.11721965802444,ps
43037,44529,31.37215060763889,121.0910557725694,ps
43037,44529,31.29633246527778,121.11728515625,ps
43037,44529,31.29633246527778,121.11728515625,ps
43037,44529,31.37219129774305,121.0911043294271,ps
43037,44529,31.29896050347222,121.1026893446181,ps
43037,44529,31.37143256293403,121.0910666232639,ps
43037,44529,31.37143256293403,121.0910666232639,ps
43037,44529,31.37143256293403,121.0910666232639,ps
43037,44529,31.2988,121.1052,ps
43037,44529,31.37170111762153,121.0910945638021,ps
43037,44529,31.29894,121.10442,ps
43037,44529,31.29903726395858,121.10383715376952,ps
43037,44529,31.2891,121.1499,ps
43037,44529,31.2885,121.1534,ps
43037,44529,31.2885,121.1534,ps
43037,44529,31.2988,121.1052,ps
43037,44529,31.2988,121.1052,ps
43037,44529,31.2988,121.1052,ps
43037,44529,31.2988,121.1052,ps
43037,44529,39.995008,116.279297,ps
43037,44529,31.2885,121.1534,ps
43037,44529,31.2885,121.1534,ps
43037,44529,31.2885,121.1534,ps
43037,44529,31.2885,121.1534,ps
43037,44529,31.2885,121.1534,ps
43037,44529,31.2885,121.1534,ps
43037,44529,31.299112780516726,121.10364173704293,ps
43037,44529,31.37167914496528,121.0911127387153,ps
43037,44529,31.2885,121.1534,ps
43037,44529,31.2885,121.1534,ps
43037,44529,31.2280,121.4700,ps
43037,44529,31.2280,121.4700,ps
43037,44529,39.995008,116.279297,ps
43037,44529,31.29893,121.103972,ps
43037,44529,31.2280,121.4700,ps
43037,44529,31.37169460720486,121.0910164388021,ps
43037,44529,31.298479,121.108387,ps
43037,44529,39.995008,116.279297,ps
43037,44529,31.298479,121.108387,ps
43037,44529,31.298479,121.108387,ps
43037,44529,31.298479,121.108387,ps
43037,44529,31.298479,121.108387,ps
43037,44529,31.298479,121.108387,ps
43037,44529,31.298479,121.108387,ps
43037,44529,31.298479,121.108387,ps
43037,44529,31.298589948877574,121.10662307536127,ps
43037,44529,31.307289,121.073894,ps
43037,44529,31.297702,121.104148,ps
43037,44529,31.299034830729,121.104828559028,ps
43037,44529,31.2988,121.1052,ps
43037,44529,31.297703179253,121.320543077257,ps
43037,44529,31.297702094184,121.104205186632,ps
43037,44529,31.29770209418403,121.1041476779514,ps
43037,44529,31.29770317925347,121.3205430772569,ps
43037,44529,31.297702094184,121.104147677951,ps
43037,44529,31.297703179253,121.320543077257,ps
43037,44529,31.29770182291667,121.1040909830729,ps
43037,44529,31.298742,121.104338,ps
43037,44529,31.29899038684171,121.10382297300863,ps
43037,44529,39.995008,116.279297,ps
43037,44529,31.277357428489964,121.07777557550662,ps
43037,44529,31.27770158962475,121.07774585840056,ps
43037,44529,31.298648315227883,121.10468024689398,ps
43037,44529,31.333452,121.226162,ps
43037,44529,31.297703179253,121.320543077257,ps
43037,44529,31.29950580735548,121.0995198285587,ps
43037,44529,31.297701822917,121.104090983073,ps
43037,44529,31.29896,121.104,ps
43037,44529,31.298818359375,121.1049392361111,ps
43037,44529,31.298904,121.105043,ps
43037,44529,31.298632,121.104404,ps
43037,44529,31.301111653646,121.105709906684,ps
43037,44529,31.289477264513625,121.0824076886158,ps
43037,44529,31.294157916091642,121.08835713794916,ps
43037,44529,31.29896,121.104,ps
43037,44529,31.301111653646,121.105709906684,ps
43037,44529,31.301111653646,121.105709906684,ps
43037,44529,31.294157916091642,121.08835713794916,ps
43037,44529,31.285636393229,121.180703938802,ps
43037,44529,31.288503960503,121.151408962674,ps
43037,44529,31.301111653646,121.105709906684,ps
43037,44529,31.298904079861,121.105042588976,ps
43037,44529,31.288661566840,121.150713161892,ps
43037,44529,31.28866156684028,121.1507131618924,ps
43037,44529,31.298742,121.104338,ps
43037,44529,31.297702716662286,121.104093343019485,ps
43037,44529,31.293533543579425,121.09200846713229,ps
43037,44529,31.288829210069,121.150726453993,ps
43037,44529,31.297703179253,121.320543077257,ps
43037,44529,31.29770209418403,121.1041476779514,ps
43037,44529,31.29770209418403,121.1041476779514,ps
43037,44529,31.298742,121.104338,ps
43037,44529,31.340335,121.012496,ps
43037,44529,31.294533,121.126956,ps
43037,44529,31.300552,121.101563,ps
43037,44529,31.294533,121.126956,ps
43037,44529,31.295668,121.124977,ps
43037,44529,31.294533,121.126956,ps
43037,44529,31.294533,121.126956,ps
43037,44529,31.242075,121.474662,ps
43037,44529,31.340335,121.012496,ps
43037,44529,31.340335,121.012496,ps
43037,44529,31.340335,121.012496,ps
43037,44529,31.340335,121.012496,ps
43037,44529,31.340335,121.012496,ps
43037,44529,31.340335,121.012496,ps
43037,44529,31.340335,121.012496,ps
43037,44529,31.340335,121.012496,ps
43037,44529,31.340335,121.012496,ps
43037,44529,31.340335,121.012496,ps
43037,44529,31.340335,121.012496,ps
43037,44529,31.340335,121.012496,ps
43037,44529,31.340335,121.012496,ps
43037,44529,31.340335,121.012496,ps
43037,44529,31.340335,121.012496,ps
43037,44529,31.404166,120.957376,ps
43037,44529,31.299921,121.107296,ps
43037,44529,31.299921,121.107296,ps
43037,44529,31.299921,121.107296,ps
43037,44529,31.310768,121.160782,ps
43037,44529,31.294164,121.201235,ps
43037,44529,31.29920166015625,121.1038601345486,ps
43037,44529,31.289722493490,121.152336697049,ps
43037,44529,31.292365,121.147786,ps
43037,44529,31.292365,121.147786,ps
43037,44529,31.292365,121.147786,ps
43037,44529,31.292365,121.147786,ps
43037,44529,31.2951171875,121.1182703993056,ps
43037,44529,31.343011881510,121.006733127170,ps
43037,44529,31.343011881510,121.006733127170,ps
43037,44529,31.343659939236,121.006191677517,ps
43037,44529,31.295117187500,121.118270399306,ps
43037,44529,31.29569308810764,121.1181231011285,ps
43037,44529,31.295678168403,121.117882486979,ps
43037,44529,31.295117,121.118270,ps
43037,44529,31.295693088108,121.118123101128,ps
43037,44529,31.29569254557292,121.1180411783854,ps
43037,44529,31.295693088108,121.118123101128,ps
43037,44529,31.294561631944,121.117988552517,ps
43037,44529,31.294810112847,121.118509928385,ps
43037,44529,31.294810303254863,121.118508875370026,ps
43037,44529,31.295117187500,121.118270399306,ps
43037,44529,31.295117425847863,121.118270158767700,ps
43037,44529,31.294846191406,121.118345540365,ps
43037,44529,31.343659939236,121.006191677517,ps
43037,44529,31.343660,121.006192,ps
43037,44529,31.29456163194444,121.1179885525174,ps
43037,44529,31.32453296847201,121.0250216424427,ps
43037,44529,31.32453296847201,121.0250216424427,ps
43037,44529,31.32453296847201,121.0250216424427,ps
43037,44529,31.286466,121.148821,ps
43037,44529,31.404130,120.957508,ps
43037,44529,31.330902,121.226189,ps
43037,44529,31.330902,121.226189,ps
43037,44529,31.28761555989583,121.1545947265625,ps
43037,44529,31.287190,121.176677,ps
43037,44529,31.28760199652778,121.1547086588542,ps
43037,44529,31.287602,121.154709,ps
43037,44529,31.287735460069,121.154574110243,ps
43037,44529,31.287190,121.176677,ps
43037,44529,31.287190,121.176677,ps
43037,44529,31.289874390457808,121.14816616462373,ps
43037,44529,31.296281,121.11717,ps
43037,44529,31.2898017589769,121.14834282664849,ps
43037,44529,31.289990000000003,121.14797000000002,ps
43037,44529,31.289874390457808,121.14816616462373,ps
43037,44529,31.293244,121.141356,ps
43037,44529,31.29883056640625,121.103952094184,ps
43037,44529,31.37153645833333,121.0910134548611,ps
43037,44529,31.299088270399,121.104038357205,ps
43037,44529,31.29899576822917,121.1036113823785,ps
43037,44529,31.299073,121.103914,ps
43037,44529,31.29908827039931,121.1040383572049,ps
43037,44529,31.299088270399,121.104038357205,ps
43037,44529,31.302346733941,121.107863226997,ps
43037,44529,31.299072808160,121.103914116753,ps
43037,44529,31.37264377170139,121.0910989040799,ps
43037,44529,31.29868,121.105028,ps
43037,44529,31.29868,121.105028,ps
43037,44529,31.29868,121.105028,ps
43037,44529,31.318211,121.031057,ps
43037,44529,31.318211,121.031057,ps
43037,44529,31.317966,121.031326,ps
43037,44529,31.317966,121.031326,ps
43037,44529,31.318211,121.031057,ps
43037,44529,31.300712,121.07783,ps
43037,44529,31.300712,121.07783,ps
43037,44529,31.300712,121.07783,ps
43037,44529,31.331671,121.250179,ps
43037,44529,31.298742,121.10434,ps
43037,44529,31.33167,121.25018,ps
43037,44529,31.331671,121.250179,ps
43037,44529,31.34067979600695,120.9550143771701,ps
43037,44529,31.340679796007,120.955014377170,ps
43037,44529,31.294915,121.138294,ps
43037,44529,31.294835,121.13833,ps
43037,44529,31.294915,121.138294,ps
43037,44529,31.293035,121.128883,ps
43037,44529,31.294835,121.13833,ps
43037,44529,31.290238,121.146959,ps
43037,44529,31.290238,121.146959,ps
43037,44529,31.290238,121.146959,ps
43037,44529,31.298732734043607,121.10511130445504,ps
43037,44529,31.340638292101,120.954962293837,ps
43037,44529,31.326177029080,121.105694173177,ps
43037,44529,31.29819227430556,121.1042616102431,ps
43037,44529,31.32797169255474,121.1010598795427,ps
43037,44529,31.371570,121.091000,ps
43037,44529,31.340685,120.954996,ps
43037,44529,31.300791,121.098474,ps
43037,44529,31.333807,121.222076,ps
43037,44529,31.289788378656787,121.1481471497745,ps
43037,44529,31.289788378656787,121.1481471497745,ps
43037,44529,31.289788378656787,121.1481471497745,ps
43037,44529,31.289788378656787,121.1481471497745,ps
43037,44529,31.289788378656787,121.1481471497745,ps
43037,44529,31.289788378656787,121.1481471497745,ps
43037,44529,31.195081183950567,121.54778082980248,ps
43037,44529,31.289744834836203,121.14784737655907,ps
43037,44529,31.289744834836203,121.14784737655907,ps
43037,44529,31.289788378656787,121.1481471497745,ps
43037,44529,31.298937988281,121.094125705295,ps
43037,44529,31.289788378656787,121.1481471497745,ps
43037,44529,31.432555,120.953180,ps
43037,44529,31.43255533854167,120.9531795247396,ps
43037,44529,31.432555,120.953180,ps
43037,44529,31.43255533854167,120.9531795247396,ps
43037,44529,31.432555,120.953180,ps
43037,44529,31.289822597637915,121.14820984539882,ps
43037,44529,31.2898014687193,121.14814192823462,ps
43037,44529,31.289874390457808,121.14816616462373,ps
43037,44529,31.298810000000,121.094140000000,ps
43037,44529,31.298068,121.088739,ps
43037,44529,31.293244,121.141356,ps
43037,44529,31.293244,121.141356,ps
43037,44529,31.289874390457808,121.14816616462373,ps
43037,44529,31.293244,121.141356,ps
43037,44529,31.289885893133818,121.14831733193085,ps
43037,44529,31.299882,121.084124,ps
43037,44529,31.30824621842254,121.07307156434815,ps
43037,44529,31.30824621842254,121.07307156434815,ps
43037,44529,31.30824621842254,121.07307156434815,ps
43037,44529,31.30824621842254,121.07307156434815,ps
43037,44529,31.29894,121.10442,ps
43037,44529,31.307908066302303,121.07291781026935,ps
43037,44529,31.307908066302303,121.07291781026935,ps
43037,44529,31.307908066302303,121.07291781026935,ps
43037,44529,31.307908066302303,121.07291781026935,ps
43037,44529,31.307908066302303,121.07291781026935,ps
43037,44529,31.292797,121.113268,ps
43037,44529,31.307717405509962,121.07381547054302,ps
43037,44529,31.292797,121.113268,ps
43037,44529,31.30728790552969,121.07656300515694,ps
43037,44529,31.29894,121.10442,ps
43037,44529,31.299100588884816,121.09961438995671,ps
43037,44529,31.29916092323322,121.10401606356331,ps
43037,44529,31.29894,121.10442,ps
43037,44529,31.292797,121.113268,ps
43037,44529,31.292797,121.113268,ps
43037,44529,31.29916092323322,121.10401606356331,ps
43037,44529,31.29916092323322,121.10401606356331,ps
43037,44529,31.292814,121.113251,ps
43037,44529,31.29916092323322,121.10401606356331,ps
43037,44529,31.29916092323322,121.10401606356331,ps
43037,44529,31.299136578624967,121.103941026801,ps
43037,44529,31.29916092323322,121.10401606356331,ps
43037,44529,31.29916092323322,121.10401606356331,ps
43037,44529,31.298848083117555,121.1041283638991,ps
43037,44529,31.29916092323322,121.10401606356331,ps
43037,44529,31.298089037049,121.08876990516,ps
43037,44529,31.298089037049,121.08876990516,ps
43037,44529,31.29889008835498,121.10359408002175,ps
43037,44529,31.292797,121.113268,ps
43037,44529,39.995008,116.279297,ps
43037,44529,31.292797,121.113268,ps
43037,44529,31.293007,121.113209,ps
43037,44529,31.298089037049,121.08876990516,ps
43037,44529,31.292861,121.113205,ps
43037,44529,31.292797,121.113268,ps
43037,44529,31.298089037049,121.08876990516,ps
43037,44529,31.293007,121.113209,ps
43037,44529,31.292861,121.113205,ps
43037,44529,31.2990534352571,121.10374159545235,ps
43037,44529,31.298632747400337,121.10765273770207,ps
43037,44529,31.299099693289545,121.10393232722167,ps
43037,44529,31.292861,121.113205,ps
43037,44529,31.293007,121.113209,ps
43037,44529,31.298089037049,121.08876990516,ps
43037,44529,31.298632747400337,121.10765273770207,ps
43037,44529,31.2987285390055,121.10430953958462,ps
43037,44529,31.299099693289545,121.10393232722167,ps
43037,44529,31.299099693289545,121.10393232722167,ps
43037,44529,31.299099693289545,121.10393232722167,ps
43037,44529,31.293007,121.113209,ps
43037,44529,31.299000000000003,121.10319000000001,ps
43037,44529,31.298881389693552,121.10369733669665,ps
43037,44529,31.2990534352571,121.10374159545235,ps
43037,44529,31.298910530311822,121.10362338852686,ps
43037,44529,31.293007,121.113209,ps
43037,44529,31.298089037049,121.08876990516,ps
43037,44529,31.298848083117555,121.1041283638991,ps
43037,44529,31.29916092323322,121.10401606356331,ps
43037,44529,31.292797,121.113268,ps
43037,44529,31.298089037049,121.08876990516,ps
43037,44529,31.297465277778,121.091018608941,ps
43037,44529,31.29752902560764,121.0909507921007,ps
43037,44529,31.29752902560764,121.0909507921007,ps
43037,44529,31.29927362834557,121.0863926938752,ps
43037,44529,31.29752902560764,121.0909507921007,ps
43037,44529,31.297529025608,121.090950792101,ps
43037,44529,31.297529,121.090951,ps
43037,44529,31.298089037049,121.08876990516,ps
43037,44529,31.292861,121.113205,ps
43037,44529,31.292861,121.113205,ps
43037,44529,31.292814,121.113251,ps
43037,44529,31.292797,121.113268,ps
43037,44529,31.298089037049,121.08876990516,ps
43037,44529,31.296000766315817,121.11747954487609,ps
43037,44529,31.304411,121.095168,ps
43037,44529,31.304411,121.095168,ps
43037,44529,31.298089037049,121.08876990516,ps
43037,44529,31.298089037049,121.08876990516,ps
43037,44529,31.298089037049,121.08876990516,ps
43037,44529,31.298632747400337,121.10765273770207,ps
43037,44529,31.298775,121.106278,ps
43037,44529,31.298089037049,121.08876990516,ps
43037,44529,31.298089037049,121.08876990516,ps
43037,44529,31.298089037049,121.08876990516,ps
43037,44529,31.298089037049,121.08876990516,ps
43037,44529,31.298089037049,121.08876990516,ps
43037,44529,31.298920000000003,121.10499000000002,ps
43037,44529,31.298920000000003,121.10499000000002,ps
43037,44529,31.298920000000003,121.10499000000002,ps
43037,44529,31.298920000000003,121.10499000000002,ps
43037,44529,31.273314,120.766594,ps
43037,44529,31.298632747400337,121.10765273770207,ps
43037,44529,31.298632747400337,121.10765273770207,ps
43037,44529,31.298089037049,121.08876990516,ps
43037,44529,31.298089037049,121.08876990516,ps
43037,44529,31.298089037049,121.08876990516,ps
43037,44529,31.298089037049,121.08876990516,ps
43037,44529,31.298089037049,121.08876990516,ps
43037,44529,31.307908066302303,121.07291781026935,ps
43037,44529,31.30824621842254,121.07307156434815,ps
43037,44529,31.307908066302303,121.07291781026935,ps
43037,44529,31.29909586588542,121.1043513997396,ps
43037,44529,31.332711,121.226883,ps
43037,44529,31.331864036614327,121.22476946004505,ps
43037,44529,39.995008,116.279297,ps
43037,44529,31.3317,121.2253,ps
43037,44529,31.3317,121.2253,ps
43037,44529,31.29289794921875,121.0719845920139,ps
43037,44529,39.995008,116.279297,ps
43037,44529,39.995008,116.279297,ps
43037,44529,39.995008,116.279297,ps
43037,44529,39.995008,116.279297,ps
43037,44529,31.186466471354,120.936302625868,ps
43037,44529,31.18646809895833,120.9362486436632,ps
43037,44529,31.186466,120.936303,ps
43037,44529,31.18642198350694,120.9362893337674,ps
43037,44529,39.995008,116.279297,ps
43037,44529,31.28852511935764,121.1512429470486,ps
43037,44529,31.288607042101,121.151032172309,ps
43037,44529,31.18770643446181,120.9687448459201,ps
43037,44529,39.995008,116.279297,ps
43037,44529,31.1876806640625,120.968766547309,ps
43037,44529,31.29672688802083,121.1167390950521,ps
43037,44529,31.295873,121.117156,ps
43037,44529,31.295873,121.117156,ps
43037,44529,31.295873,121.117156,ps
43037,44529,31.295873,121.117156,ps
43037,44529,39.995008,116.279297,ps
43037,44529,39.995008,116.279297,ps
43037,44529,39.995008,116.279297,ps
43037,44529,31.296534,121.07204,ps
43037,44529,39.995008,116.279297,ps
43037,44529,31.299047,121.10414,ps
43037,44529,31.296534,121.07204,ps
43037,44529,31.284405,121.051771,ps
43037,44529,31.284405,121.051771,ps
43037,44529,31.284405,121.051771,ps
43037,44529,31.284405,121.051771,ps
43037,44529,31.284405,121.051771,ps
43037,44529,31.284405,121.051771,ps
43037,44529,31.284405,121.051771,ps
43037,44529,31.284405,121.051771,ps
43037,44529,31.284405,121.051771,ps
43037,44529,31.284405,121.051771,ps
43037,44529,31.298983,121.10374,ps
43037,44529,31.298983,121.10374,ps
43037,44529,31.284405,121.051771,ps
43037,44529,31.284405,121.051771,ps
43037,44529,31.29868,121.105028,ps
43037,44529,31.298983,121.10374,ps
43037,44529,31.29868,121.105028,ps
43037,44529,31.28452172243733,121.052762787485,ps
43037,44529,31.284576364264208,121.0527249322653,ps
43037,44529,31.29868,121.105028,ps
43037,44529,31.28451448603668,121.05278471470345,ps
43037,44529,31.284279803192945,121.05294164798974,ps
43037,44529,31.284520190749976,121.05276228603095,ps
43037,44529,39.995008,116.279297,ps
43037,44529,31.2848693561762,121.05243509055337,ps
43037,44529,31.28451998966775,121.05276181477045,ps
43037,44529,31.284869256542308,121.05243528104992,ps
43037,44529,31.284911,121.053217,ps
43037,44529,31.284869138784217,121.05243635388433,ps
43037,44529,31.284869276507617,121.05243526099848,ps
43037,44529,31.29868,121.105028,ps
43037,44529,31.28486968804447,121.05243590273518,ps
43037,44529,33.434261,119.894021,ps
