6319,1822702,31.140653211806,121.570658908420,lte
6319,1822702,31.14143202039931,121.5675596788194,lte
6319,1822702,31.219950383134,121.351430139320,lte
6319,1822702,31.141391059028,121.567459852431,lte
6319,1822702,31.141432020399,121.567559678819,lte
6319,1822702,31.141432020399,121.567559678819,lte
6319,1822702,31.14143202039931,121.5675596788194,lte
6319,1822702,31.2231689453125,121.354443359375,lte
6319,1822702,31.141391059028,121.567459852431,lte
6319,1822702,31.21995,121.3514,lte
6319,1822702,31.141391059028,121.567459852431,lte
6319,1822702,31.141391059028,121.567459852431,lte
6319,1822702,31.141432020399,121.567559678819,lte
6319,1822702,31.14139105902778,121.5674598524306,lte
6319,1822702,31.141391059028,121.567459852431,lte
6319,1822702,31.142033434788218,121.56740366027452,lte
6319,1822702,31.032502,121.304633,lte
6319,1822702,31.135712619358,121.567402343750,lte
6319,1822702,31.139166666667,121.567456325955,lte
6319,1822702,31.141165364583,121.567399902344,lte
6319,1822702,31.140935058594,121.567422146267,lte
6319,1822702,31.138173285590,121.567450358073,lte
6319,1822702,31.137893608941,121.567453613281,lte
6319,1822702,31.140240885417,121.567455240885,lte
6319,1822702,31.139980468750,121.567460394965,lte
6319,1822702,31.138712565104,121.567460666233,lte
6319,1822702,31.138443196615,121.567447374132,lte
6319,1822702,31.138936903212,121.567461480035,lte
6319,1822702,31.139714355469,121.567465820313,lte
6319,1822702,31.139429796007,121.567463921441,lte
6319,1822702,31.20372,121.390074,lte
6319,1822702,31.140677,121.563215,lte
6319,1822702,31.24090243134,121.62095787015,lte
6319,1822702,31.24090243134,121.62095787015,lte
6319,1822702,31.139047,121.567686,lte
6319,1822702,39.995008,116.279297,lte
6319,1822702,31.139882,121.571053,lte
6319,1822702,31.141221,121.56747,lte
6319,1822702,39.995008,116.279297,lte
6319,1822702,31.14082,121.570526,lte
6319,1822702,31.142846408420,121.567942708333,lte
6319,1822702,31.142846408420,121.567942708333,lte
6319,1822702,31.147628787581223,121.57380777328703,lte
6319,1822702,31.157288,121.573606,lte
6319,1822702,39.995008,116.279297,lte
6319,1822702,31.127473831176758,121.59571075439453,lte
6319,1822702,31.146148,121.567269,lte
6319,1822702,31.143223,121.568778,lte
6319,1822702,31.140775,121.570761,lte
6319,1822702,31.143223,121.568778,lte
6319,1822702,31.140775,121.570761,lte
6319,1822702,31.140775,121.570761,lte
6319,1822702,39.995008,116.279297,lte
6319,1822702,31.151313,121.57723,lte
6319,1822702,31.141461,121.570148,lte
6319,1822702,31.140624186198,121.570893825955,lte
6319,1822702,31.140624186198,121.570893825955,lte
6319,1822702,31.15134505910896,121.57554930812134,lte
6319,1822702,31.151322586627245,121.57553133148107,lte
6319,1822702,31.137507,121.567463,lte
6319,1822702,31.12119732557929,121.82860127504017,lte
6319,1822702,31.12119732557929,121.82860127504017,lte
6319,1822702,31.151344280963666,121.57554714797595,lte
6319,1822702,31.151344323733618,121.57554687783063,lte
6319,1822702,31.12119732557929,121.82860127504017,lte
6319,1822702,31.141215,121.56752,lte
6319,1822702,31.12119732557929,121.82860127504017,lte
6319,1822702,31.141215,121.56752,lte
6319,1822702,31.141215,121.56752,lte
6319,1822702,31.141215,121.56752,lte
6319,1822702,31.14600151909722,121.5672981770833,lte
6319,1822702,31.145778058887966,121.57769546174973,lte
6319,1822702,31.145045,121.569692,lte
6319,1822702,31.141602,121.569148,lte
6319,1822702,31.1930,121.5452,lte
6319,1822702,31.326419,121.373721,lte
6319,1822702,31.141379,121.567251,lte
6319,1822702,31.141379,121.567251,lte
6319,1822702,31.326419,121.373721,lte
6319,1822702,31.326419,121.373721,lte
6319,1822702,31.141379,121.567251,lte
6319,1822702,31.147781286,121.570789678,lte
6319,1822702,31.147781286,121.570789678,lte
6319,1822702,31.147781286,121.570789678,lte
6319,1822702,31.14036729600694,121.5707430013021,lte
6319,1822702,31.139094,121.571422,lte
6319,1822702,31.14176441380309,121.56944118662462,lte
6319,1822702,31.14065,121.570774,lte
6319,1822702,31.14065,121.570774,lte
6319,1822702,31.14065,121.570774,lte
6319,1822702,31.14065,121.570774,lte
6319,1822702,31.140641,121.570805,lte
6319,1822702,31.140641,121.570805,lte
6319,1822702,31.140641,121.570805,lte
6319,1822702,31.140641,121.570805,lte
6319,1822702,31.140641,121.570805,lte
6319,1822702,31.14065,121.570774,lte
6319,1822702,36.968183,115.392061,lte
6319,1822702,31.137586,121.567596,lte
6319,1822702,31.140641,121.570805,lte
6319,1822702,31.140641,121.570805,lte
6319,1822702,31.140641,121.570805,lte
6319,1822702,31.140641,121.570805,lte
6319,1822702,31.140641,121.570805,lte
6319,1822702,31.14065,121.570774,lte
6319,1822702,31.140641,121.570805,lte
6319,1822702,31.140641,121.570805,lte
6319,1822702,31.140641,121.570805,lte
6319,1822702,31.140641,121.570805,lte
6319,1822702,31.140641,121.570805,lte
6319,1822702,31.140641,121.570805,lte
6319,1822702,31.140641,121.570805,lte
6319,1822702,31.140641,121.570805,lte
6319,1822702,31.140641,121.570805,lte
6319,1822702,31.140641,121.570805,lte
6319,1822702,31.140641,121.570805,lte
6319,1822702,31.140641,121.570805,lte
6319,1822702,31.140641,121.570805,lte
6319,1822702,31.140641,121.570805,lte
6319,1822702,31.140641,121.570805,lte
6319,1822702,31.140641,121.570805,lte
6319,1822702,31.140641,121.570805,lte
6319,1822702,31.140641,121.570805,lte
6319,1822702,31.140641,121.570805,lte
6319,1822702,31.140641,121.570805,lte
6319,1822702,31.140641,121.570805,lte
6319,1822702,31.140641,121.570805,lte
6319,1822702,31.140641,121.570805,lte
6319,1822702,31.140641,121.570805,lte
6319,1822702,31.140641,121.570805,lte
6319,1822702,31.140641,121.570805,lte
6319,1822702,31.140641,121.570805,lte
6319,1822702,31.140641,121.570805,lte
6319,1822702,31.140641,121.570805,lte
6319,1822702,31.140641,121.570805,lte
6319,1822702,31.140641,121.570805,lte
6319,1822702,31.140641,121.570805,lte
6319,1822702,31.140641,121.570805,lte
6319,1822702,31.140641,121.570805,lte
6319,1822702,31.140641,121.570805,lte
6319,1822702,31.140641,121.570805,lte
6319,1822702,31.140641,121.570805,lte
6319,1822702,31.140641,121.570805,lte
6319,1822702,31.140641,121.570805,lte
6319,1822702,31.140641,121.570805,lte
6319,1822702,31.140641,121.570805,lte
6319,1822702,31.140641,121.570805,lte
6319,1822702,31.140641,121.570805,lte
6319,1822702,31.140641,121.570805,lte
6319,1822702,31.140641,121.570805,lte
6319,1822702,31.140641,121.570805,lte
6319,1822702,31.140641,121.570805,lte
6319,1822702,31.140641,121.570805,lte
6319,1822702,31.140641,121.570805,lte
6319,1822702,31.140641,121.570805,lte
6319,1822702,31.140641,121.570805,lte
6319,1822702,31.140641,121.570805,lte
6319,1822702,31.140641,121.570805,lte
6319,1822702,31.140641,121.570805,lte
6319,1822702,31.140641,121.570805,lte
6319,1822702,31.140641,121.570805,lte
6319,1822702,31.140641,121.570805,lte
6319,1822702,31.140641,121.570805,lte
6319,1822702,31.145175,121.570427,lte
6319,1822702,31.145089,121.569524,lte
6319,1822702,31.145089,121.569524,lte
6319,1822702,31.145175,121.570427,lte
6319,1822702,31.145116,121.569897,lte
6319,1822702,31.145116,121.569897,lte
6319,1822702,31.140641,121.570805,lte
6319,1822702,39.995008,116.279297,lte
6319,1822702,31.151372,121.576211,lte
6319,1822702,39.995008,116.279297,lte
6319,1822702,31.14103949652778,121.5678984917535,lte
6319,1822702,31.141039496528,121.567898491753,lte
6319,1822702,31.141208,121.567860,lte
6319,1822702,31.140670000000004,121.57065000000001,lte
6319,1822702,31.140505700960805,121.56747332894473,lte
6319,1822702,31.140505700960805,121.56747332894473,lte
6319,1822702,31.140505700960805,121.56747332894473,lte
6319,1822702,31.151389,121.576485,lte
6319,1822702,31.140670000000004,121.57065000000001,lte
6319,1822702,31.151389,121.576485,lte
6319,1822702,31.14102293757655,121.57027795537357,lte
6319,1822702,31.140919523692393,121.57029624693523,lte
6319,1822702,31.151349,121.576071,lte
6319,1822702,31.139249,121.571362,lte
6319,1822702,31.144991,121.569162,lte
6319,1822702,31.144991,121.569162,lte
6319,1822702,31.144726,121.569031,lte
6319,1822702,31.144991,121.569162,lte
6319,1822702,31.225483,121.43838,lte
6319,1822702,31.144726,121.569031,lte
6319,1822702,31.144726,121.569031,lte
6319,1822702,31.145031,121.569540,lte
6319,1822702,31.153636932373047,121.56487274169922,lte
6319,1822702,31.14724,121.574188,lte
6319,1822702,31.141153,121.570342,lte
6319,1822702,31.147692,121.576605,lte
6319,1822702,31.142898220486,121.568231879340,lte
6319,1822702,31.14511165179439,121.5639966308912,lte
6319,1822702,31.146836,121.564814,lte
6319,1822702,31.146836,121.564814,lte
6319,1822702,31.146836,121.564814,lte
6319,1822702,31.146836,121.564814,lte
6319,1822702,31.146836,121.564814,lte
6319,1822702,31.146836,121.564814,lte
6319,1822702,31.146836,121.564814,lte
6319,1822702,31.146836,121.564814,lte
6319,1822702,31.14255777994792,121.569000922309,lte
6319,1822702,31.1589,121.647,lte
6319,1822702,31.14682,121.574061,lte
6319,1822702,31.14778,121.576505,lte
6319,1822702,31.147552,121.573884,lte
6319,1822702,31.147515,121.573862,lte
6319,1822702,31.141707085503,121.567499186198,lte
6319,1822702,31.14163562713884,121.5699545612535,lte
6319,1822702,31.141479,121.567358,lte
6319,1822702,31.14282705335568,121.5690017950309,lte
6319,1822702,31.139574444444445,121.56545972222223,lte
6319,1822702,31.15104,121.575662,lte
6319,1822702,31.1416,121.5609,lte
6319,1822702,31.144790310330,121.569962836372,lte
6319,1822702,31.144814724392,121.570216200087,lte
6319,1822702,31.144813833482150,121.570216718021911,lte
6319,1822702,31.144863720362402,121.570737009926489,lte
6319,1822702,31.147178,121.573922,lte
6319,1822702,31.1441,121.5683,lte
6319,1822702,31.1441,121.5683,lte
6319,1822702,31.1441,121.5683,lte
6319,1822702,31.144838867187,121.570487467448,lte
6319,1822702,31.144864637587,121.570736490885,lte
6319,1822702,31.144885525174,121.570964898003,lte
6319,1822702,31.144908186871270,121.571197079658319,lte
6319,1822702,31.147804,121.573834,lte
6319,1822702,31.14782,121.573832,lte
6319,1822702,31.14497395833333,121.5709296332465,lte
6319,1822702,31.14495171440972,121.5706711154514,lte
6319,1822702,31.14492838541667,121.5704074435764,lte
6319,1822702,31.1449072265625,121.570150282118,lte
6319,1822702,31.14488661024306,121.5698923068576,lte
6319,1822702,31.14486002604167,121.5696402994792,lte
6319,1822702,31.14483018663195,121.5693872070313,lte
6319,1822702,31.14480088975694,121.5691335720486,lte
6319,1822702,31.14474934895833,121.5686452907986,lte
6319,1822702,31.151154,121.577096,lte
6319,1822702,31.1441,121.5683,lte
6319,1822702,31.1441,121.5683,lte
6319,1822702,31.1441,121.5683,lte
6319,1822702,31.1441,121.5683,lte
6319,1822702,31.2280,121.4700,lte
6319,1822702,31.2280,121.4700,lte
6319,1822702,31.144945,121.571264,lte
6319,1822702,31.1415,121.3589,lte
6319,1822702,31.1441,121.5683,lte
6319,1822702,31.1441,121.5683,lte
6319,1822702,31.1441,121.5683,lte
6319,1822702,31.168819604234535,121.6992455084372,lte
