LAC,CI,LAT,LNG,NET_TYPE
6154,54498,31.24001003689236,121.4858192274306,ps
6154,54498,31.24293429904514,121.4847604709201,ps
6154,54498,31.23644124348958,121.4869802517361,ps
6154,54498,31.24384602864583,121.485803765191,ps
6154,54498,31.23859320746528,121.4861580403646,ps
6154,54498,31.23968478732639,121.4860047743056,ps
6154,54498,31.24750406901042,121.4929969618056,ps
6154,54498,31.247504,121.492997,ps
6154,54498,31.24750406901042,121.4929969618056,ps
6154,54498,31.24597900390625,121.4910055881076,ps
6154,54498,31.24726182725695,121.492795952691,ps
6154,54498,31.24750406901042,121.4929969618056,ps
6154,54498,31.24750406901042,121.4929969618056,ps
6154,54498,31.2488427734375,121.4871875,ps
6154,54498,31.24911268446181,121.4871028645833,ps
6154,54498,31.24926161024306,121.4870559353299,ps
6154,54498,31.24944552951389,121.5008083767361,ps
6154,54498,31.24418836805556,121.4899012586806,ps
6154,54498,31.244026,121.489910,ps
6154,54498,31.26559678819444,121.4821999782986,ps
6154,54498,31.24970540364583,121.4848567708333,ps
6154,54498,31.26581787109375,121.4821256510417,ps
6154,54498,31.26584147135417,121.4821264648437,ps
6154,54498,31.26544894748264,121.4821864149306,ps
6154,54498,31.26544894748264,121.4821864149306,ps
6154,54498,31.265449,121.482186,ps
6154,54498,31.26544894748264,121.4821864149306,ps
6154,54498,31.26544894748264,121.4821864149306,ps
6154,54498,31.26544894748264,121.4821864149306,ps
6154,54498,31.265449,121.482186,ps
6154,54498,31.25481201171875,121.5119227430555,ps
6154,54498,31.25481201171875,121.5119227430555,ps
6154,54498,31.25481201171875,121.5119227430555,ps
6154,54498,31.25481201171875,121.5119227430555,ps
6154,54498,31.24564751519097,121.4877813042535,ps
6154,54498,31.245648,121.487781,ps
6154,54498,31.23384901258681,121.47888671875,ps
6154,54498,31.23384901258681,121.47888671875,ps
6154,54498,31.23336941189236,121.4809198676215,ps
6154,54498,31.23384901258681,121.47888671875,ps
6154,54498,31.19882052951389,121.4919222005208,ps
6154,54498,31.198070,121.492691,ps
6154,54498,31.19864284939236,121.4926326497396,ps
6154,54498,31.19849202473958,121.4923942057292,ps
6154,54498,31.19849202473958,121.4923942057292,ps
6154,54498,31.19882052951389,121.4919222005208,ps
6154,54498,31.19877794053819,121.4919097222222,ps
6154,54498,31.23625298394097,121.4870361328125,ps
6154,54498,31.23625298394097,121.4870361328125,ps
6154,54498,31.23644124348958,121.4869802517361,ps
6154,54498,31.23644124348958,121.4869802517361,ps
6154,54498,31.23625298394097,121.4870361328125,ps
6154,54498,31.25481201171875,121.5119227430555,ps
6154,54498,31.25481201171875,121.5119227430555,ps
6154,54498,31.25481201171875,121.5119227430555,ps
6154,54498,31.25481201171875,121.5119227430555,ps
6154,54498,31.25481201171875,121.5119227430555,ps
6154,54498,31.25481201171875,121.5119227430555,ps
6154,54498,31.25481201171875,121.5119227430555,ps
6154,54498,31.25481201171875,121.5119227430555,ps
6154,54498,31.25481201171875,121.5119227430555,ps
6154,54498,31.25481201171875,121.5119227430555,ps
6154,54498,31.25481201171875,121.5119227430555,ps
6154,54498,31.26039852856776,121.5135891271024,ps
6154,54498,31.26039852856776,121.5135891271024,ps
6154,54498,31.26039852856776,121.5135891271024,ps
6154,54498,31.26039852856776,121.5135891271024,ps
6154,54498,31.26039852856776,121.5135891271024,ps
