LAC,CI,LAT,LNG,NET_TYPE
6218,62433,31.139605848524,121.501272786458,ps
6218,62433,31.47350693,120.84305573,ps
6218,62433,31.47350693,120.84305573,ps
6218,62433,31.47350693,120.84305573,ps
6218,62433,31.47350693,120.84305573,ps
6218,62433,31.47350693,120.84305573,ps
6218,62433,31.47350693,120.84305573,ps
6218,62433,39.995008,116.279297,ps
6218,62433,31.143916015625,121.499200846354,ps
6218,62433,31.143916015625,121.499200846354,ps
6218,62433,31.143703070747,121.499299045139,ps
6218,62433,31.143703070747,121.499299045139,ps
6218,62433,31.143916015625,121.4992008463542,ps
6218,62433,31.143916015625,121.499200846354,ps
6218,62433,31.143916015625,121.499200846354,ps
6218,62433,31.143751898872,121.499175889757,ps
6218,62433,31.143916015625,121.499200846354,ps
6218,62433,31.143916015625,121.499200846354,ps
6218,62433,31.143916015625,121.499200846354,ps
6218,62433,31.143916015625,121.499200846354,ps
6218,62433,31.143916015625,121.499200846354,ps
6218,62433,31.143911946615,121.499243706597,ps
6218,62433,31.143911946615,121.499243706597,ps
6218,62433,31.143911946615,121.499243706597,ps
6218,62433,31.143576660156,121.499366590712,ps
6218,62433,31.143576660156,121.499366590712,ps
6218,62433,31.143908420139,121.499264865451,ps
6218,62433,31.143911946615,121.499243706597,ps
6218,62433,31.143938530816,121.499288736979,ps
6218,62433,31.143938530816,121.499288736979,ps
6218,62433,31.143703070747,121.499299045139,ps
6218,62433,31.14389,121.4992,ps
6218,62433,31.143916015625,121.499200846354,ps
6218,62433,31.143938530816,121.499288736979,ps
6218,62433,31.143938530816,121.499288736979,ps
6218,62433,31.143938530816,121.499288736979,ps
6218,62433,31.143916015625,121.499200846354,ps
6218,62433,31.143911946615,121.499243706597,ps
6218,62433,31.143751898872,121.499175889757,ps
6218,62433,31.143916,121.499201,ps
6218,62433,31.143916015625,121.499200846354,ps
6218,62433,31.143916015625,121.4992008463542,ps
6218,62433,31.143916015625,121.499200846354,ps
6218,62433,31.143938530816,121.499288736979,ps
6218,62433,31.143838975694,121.499266493056,ps
6218,62433,31.143938530816,121.499288736979,ps
6218,62433,31.143916015625,121.4992008463542,ps
6218,62433,31.143911946615,121.499243706597,ps
6218,62433,31.143916015625,121.499200846354,ps
6218,62433,31.143908420139,121.499264865451,ps
6218,62433,31.143908420139,121.499264865451,ps
6218,62433,31.143908420139,121.499264865451,ps
6218,62433,31.143890,121.499228,ps
6218,62433,31.143908420139,121.499264865451,ps
6218,62433,31.143890245226,121.499228244358,ps
6218,62433,31.14391,121.4993,ps
6218,62433,31.143908420139,121.499264865451,ps
6218,62433,31.14390842013889,121.4992648654514,ps
6218,62433,31.143890245226,121.499228244358,ps
6218,62433,31.14390842013889,121.4992648654514,ps
6218,62433,31.143908420139,121.499264865451,ps
6218,62433,31.143916015625,121.499200846354,ps
6218,62433,31.143916015625,121.499200846354,ps
6218,62433,31.143908420139,121.499264865451,ps
6218,62433,31.143908420139,121.499264865451,ps
6218,62433,31.143916015625,121.499200846354,ps
6218,62433,31.143908420139,121.499264865451,ps
6218,62433,31.143576660156,121.499366590712,ps
6218,62433,31.143576660156,121.499366590712,ps
6218,62433,31.14357666015625,121.4993665907118,ps
6218,62433,31.143908420139,121.499264865451,ps
6218,62433,31.143576660156,121.499366590712,ps
6218,62433,31.143576660156,121.499366590712,ps
6218,62433,31.143908420139,121.499264865451,ps
6218,62433,31.14390842013889,121.4992648654514,ps
6218,62433,31.14357666015625,121.4993665907118,ps
6218,62433,31.14357666015625,121.4993665907118,ps
6218,62433,31.14357666015625,121.4993665907118,ps
6218,62433,31.143916015625,121.499200846354,ps
6218,62433,31.143908420139,121.499264865451,ps
6218,62433,31.143916015625,121.499200846354,ps
6218,62433,31.143908420139,121.499264865451,ps
6218,62433,31.143576660156,121.499366590712,ps
6218,62433,31.14357666015625,121.4993665907118,ps
6218,62433,31.143751898872,121.499175889757,ps
6218,62433,31.143908420139,121.499264865451,ps
6218,62433,31.143908420139,121.499264865451,ps
6218,62433,31.143703070747,121.499299045139,ps
6218,62433,31.14390842013889,121.4992648654514,ps
6218,62433,31.14390842013889,121.4992648654514,ps
6218,62433,31.143908420139,121.499264865451,ps
6218,62433,31.143890245226,121.499228244358,ps
6218,62433,31.143848470052,121.499271918403,ps
6218,62433,31.143927680122,121.499268934462,ps
6218,62433,31.143916015625,121.499200846354,ps
6218,62433,31.143916015625,121.499200846354,ps
6218,62433,31.143908420139,121.499264865451,ps
6218,62433,31.143916015625,121.499200846354,ps
6218,62433,31.143751898872,121.499175889757,ps
6218,62433,31.143916015625,121.499200846354,ps
6218,62433,31.143843587240,121.499185926649,ps
6218,62433,31.14392768012153,121.4992689344618,ps
6218,62433,31.143893771701,121.499262152778,ps
6218,62433,31.143890245226,121.499228244358,ps
6218,62433,31.143890245226,121.499228244358,ps
6218,62433,31.143848470052,121.499271918403,ps
6218,62433,31.14391,121.4993,ps
6218,62433,31.143919542101,121.499268663194,ps
6218,62433,31.14389024522569,121.4992282443576,ps
6218,62433,31.143890,121.499228,ps
6218,62433,31.143890245226,121.499228244358,ps
6218,62433,31.143919542101,121.499268663194,ps
6218,62433,31.14389024522569,121.4992282443576,ps
6218,62433,31.143791775174,121.499269205729,ps
6218,62433,31.143927680122,121.499268934462,ps
